example_1_output_start
com.bc.zarr.ZarrArray{'/' shape=[10000, 10000], chunks=[1000, 1000], dataType=i4, fillValue=0, compressor=zlib/level=1, store=InMemoryStore, byteOrder=BIG_ENDIAN}
example_1__output_end__

=====================================================================================

example_2_output_start
[[     -9999,     -9999,     -9999,     -9999,     -9999,     -9999,     -9999], 
 [     -9999,     -9999,     -9999,     -9999,     -9999,     -9999,     -9999], 
 [        11,        12,        13,        14,        15,     -9999,     -9999], 
 [        21,        22,        23,        24,        25,     -9999,     -9999], 
 [        31,        32,        33,        34,        35,     -9999,     -9999]]
example_2__output_end__

=====================================================================================

example_3_output_start
[[     -9999,     -9999,     -9999,     -9999,     -9999,     -9999], 
 [     -9999,        42,        42,        42,        42,     -9999], 
 [     -9999,        42,        42,        42,        42,     -9999], 
 [     -9999,        42,        42,        42,        42,     -9999], 
 [     -9999,     -9999,     -9999,     -9999,     -9999,     -9999]]
example_3__output_end__

=====================================================================================

example_5_output_start
com.bc.zarr.ZarrArray{'/foo/bar/baz' shape=[1000, 1000], chunks=[100, 100], dataType=i4, fillValue=0, compressor=zlib/level=1, store=InMemoryStore, byteOrder=BIG_ENDIAN}
example_5__output_end__

=====================================================================================

example_6_output_start
{
  "qux": [
    1.0,
    4.0,
    7.0,
    12.0
  ],
  "baz": 42.0
}
example_6__output_end__

=====================================================================================

example_7_output_start
[[         0,         0,         0,         0,         0,         0], 
 [         0,         0,         0,         0,         0,         0], 
 [         0,   33.0000,   33.0000,   33.0000,   33.0000,         0], 
 [         0,   33.0000,   33.0000,   33.0000,   33.0000,         0], 
 [         0,   33.0000,   33.0000,   33.0000,   33.0000,         0], 
 [         0,   33.0000,   33.0000,   33.0000,   33.0000,         0], 
 [         0,   33.0000,   33.0000,   33.0000,   33.0000,         0], 
 [         0,   33.0000,   33.0000,   33.0000,   33.0000,         0], 
 [         0,         0,         0,         0,         0,         0], 
 [         0,         0,         0,         0,         0,         0]]
example_7__output_end__

=====================================================================================

example_8_output_start
[100, 7777]
example_8__output_end__

=====================================================================================

example_9_output_start
[100, 7777]
example_9__output_end__

=====================================================================================

example_11_output_start
chunks1 = [477, 500]
chunks2 = [477, 500]
example_11__output_end__

=====================================================================================

example_12_output_start
chunks = [6200, 7500]
example_12__output_end__

=====================================================================================

